STARLINK-1007
1 44713U 19074A   26145.50000000  .00001000  00000-0  10000-3 0  9999
2 44713  53.0000 100.0000 0001000  90.0000 270.0000 15.05000000000000
STARLINK-2030
1 47123U 20089B   26145.50000000  .00002000  00000-0  20000-3 0  9998
2 47123  53.0000 200.0000 0001500  45.0000 315.0000 15.06000000000000
STARLINK-3500
1 52000U 22050A   26145.50000000  .00001800  00000-0  18000-3 0  9992
2 52000  70.0000 320.0000 0001100  55.0000 305.0000 15.07000000000000
STARLINK-4000
1 53000U 23010A   26145.50000000  .00001600  00000-0  16000-3 0  9991
2 53000  53.0000 140.0000 0000900  80.0000 280.0000 15.08000000000000
STARLINK-1113
1 44914U 19074K   26145.50000000  .00001100  00000-0  11000-3 0  9990
2 44914  53.0000 160.0000 0001200  70.0000 290.0000 15.05500000000000
STARLINK-1204
1 45044U 20001B   26145.50000000  .00001300  00000-0  13000-3 0  9989
2 45044  53.0000 220.0000 0000800  85.0000 275.0000 15.06200000000000
STARLINK-2713
1 48888U 21082C   26145.50000000  .00001700  00000-0  17000-3 0  9988
2 48888  53.0000 280.0000 0001400  50.0000 310.0000 15.07800000000000
STARLINK-4041
1 53239U 22112A   26145.50000000  .00001500  00000-0  15000-3 0  9987
2 53239  53.0000 340.0000 0001000  95.0000 265.0000 15.08500000000000
STARLINK-5523
1 55765U 23056A   26145.50000000  .00001400  00000-0  14000-3 0  9986
2 55765  43.0000  60.0000 0000700 100.0000 260.0000 15.09000000000000